+6283847913568
+6283820587383
+6283852156029
+6283852155668
+6283101022144
+6283122853434
+6283847913563
+6283122851033
+6283150889724
+6283847942402
+6283847913564
+6283850196540
+6283136521303
+6283150889857
+6283875762769
+6283129162560
+6283136524589
+6283122852666
+6283876092085
+6283845973690
+6283861958311
+6283847913562
+6283875762788
+6283847910709
+6283845544533
+6283816523496
+6283820587456
+6283816523494
+6283851275618
+6283136520706
+6283150886723
+6283847942733
+6283852156053
+6283847941845
+6283850194671
+6283847913561
+6283101022288
+6283816524225
+6283847911177
+6283847942775
+6283847942379
+6283143779716
+6283861790075
+6283101022481
+6283816523466
+6283845544154
+6283861957944
+6283861790202
+6283816481559
+6283850196641
+6283852156684
+6283851300926
+6283820587434
+6283851300889
+6283129160987
+6283169778111
+6283122854502
+6283108261636
+6283146606781
+6283136709488
+6283851303363
+6283136709647
+6283146606537
+6283846877353
+6283136709512
+6283894131318
+6283136709526
+6283100641894
+6283894132573
+6283140871658
+6283851300408
+6283894131241
+6283108261510
+6283108261629
+6283851300058
+6283122736013
+6283108261650
+6283108261522
+6283851303290
+6283899409360
+6283100642073
+6283136709531
+6283100641969
+6283899409446
+6283136711753
+6283169778609
+6283169778596
+6283820587618
+6283852156028
+6283816523518